jmap
Эта утилита позволяет увидеть как объекты создаются, какие ожидают удаления, т.е. объекты имеющие непосредственное отношение к памяти.
PS C:\projects\job4j_tracker> jmap -histo 484
num         #instances         #bytes   class name (module)
Total         62027            4678736
_________________________________________________________________________
утилита jstat предоставляет сводную информацию о состоянии памяти программы.
Она делает сэмприлование, т.е. периодически получает данные о состоянии разных участков памяти и их обобщает.

PS C:\projects\job4j_tracker> jstat -gc 484 1s 10
    S0C         S1C         S0U         S1U          EC           EU           OC           OU          MC         MU       CCSC      CCSU     YGC     YGCT     FGC    FGCT     CGC    C
GCT       GCT
        0,0         0,0         0,0         0,0      25600,0       4096,0     103424,0          0,0        0,0        0,0       0,0       0,0      0     0,000     0     0,000     0
 0,000     0,000
        0,0         0,0         0,0         0,0      25600,0       4096,0     103424,0          0,0        0,0        0,0       0,0       0,0      0     0,000     0     0,000     0
 0,000     0,000
        0,0         0,0         0,0         0,0      25600,0       4096,0     103424,0          0,0        0,0        0,0       0,0       0,0      0     0,000     0     0,000     0
 0,000     0,000
        0,0         0,0         0,0         0,0      25600,0       4096,0     103424,0          0,0        0,0        0,0       0,0       0,0      0     0,000     0     0,000     0
 0,000     0,000
        0,0         0,0         0,0         0,0      25600,0       4096,0     103424,0          0,0        0,0        0,0       0,0       0,0      0     0,000     0     0,000     0
 0,000     0,000
        0,0         0,0         0,0         0,0      25600,0       4096,0     103424,0          0,0        0,0        0,0       0,0       0,0      0     0,000     0     0,000     0
 0,000     0,000
        0,0         0,0         0,0         0,0      25600,0       4096,0     103424,0          0,0        0,0        0,0       0,0       0,0      0     0,000     0     0,000     0
 0,000     0,000
        0,0         0,0         0,0         0,0      25600,0       4096,0     103424,0          0,0        0,0        0,0       0,0       0,0      0     0,000     0     0,000     0
 0,000     0,000
        0,0         0,0         0,0         0,0      25600,0       4096,0     103424,0          0,0        0,0        0,0       0,0       0,0      0     0,000     0     0,000     0
 0,000     0,000
        0,0         0,0         0,0         0,0      25600,0       4096,0     103424,0          0,0        0,0        0,0       0,0       0,0      0     0,000     0     0,000     0

